5000
49 7
17 66
29 42
95 63
55 51
30 69
6 92
36 19
65 96
91 33
9 85
61 0
13 47
85 7
51 51
23 65
11 73
33 78
29 32
86 91
72 89
63 15
98 83
26 8
64 99
46 67
26 3
58 36
64 84
22 38
84 41
19 7
89 46
16 63
81 43
29 28
90 3
45 11
15 94
12 41
25 75
18 89
58 9
28 46
99 60
13 33
41 24
42 37
54 91
78 14
10 41
48 44
46 6
30 45
57 95
68 32
40 1
99 78
72 35
25 46
80 78
38 28
34 76
95 25
4 99
87 43
15 32
43 41
18 89
88 47
77 82
40 64
2 0
6 71
73 76
99 92
68 99
61 84
58 13
47 13
10 54
60 90
21 29
17 74
19 72
6 59
87 13
97 33
89 48
18 96
5 38
14 32
40 14
43 69
50 51
14 28
11 65
96 70
39 32
87 39
50 0
73 33
38 23
55 71
26 30
3 73
47 56
16 91
6 52
43 2
89 29
80 35
77 15
7 12
42 10
45 72
49 68
7 51
38 8
49 78
41 50
49 69
92 97
35 16
87 63
2 73
56 53
96 68
51 85
54 95
85 96
39 45
70 72
78 7
16 63
69 71
67 39
85 61
83 62
9 63
20 58
30 99
83 81
71 45
17 22
52 28
25 85
65 87
7 81
62 41
52 90
97 36
62 41
54 40
80 24
31 76
15 54
13 23
97 19
21 36
87 2
25 19
65 48
62 40
66 31
97 15
13 15
46 67
99 20
21 95
24 21
32 19
10 33
54 43
30 57
30 47
33 38
29 35
82 81
39 62
21 93
21 90
20 23
31 3
19 46
52 74
91 38
79 44
16 19
26 28
15 64
10 41
35 13
85 17
32 47
52 88
6 11
57 61
92 2
42 84
80 68
73 80
92 87
39 20
68 95
84 37
79 32
24 22
93 84
8 25
74 84
85 54
19 73
86 78
34 0
5 74
60 64
67 50
12 76
57 97
8 9
64 91
92 17
17 15
91 94
62 82
48 58
21 28
46 88
54 70
61 53
45 50
29 65
46 8
91 33
53 21
74 62
54 26
99 91
89 54
25 99
68 13
67 90
97 2
78 52
39 85
10 69
90 2
21 60
47 41
3 9
43 35
24 77
59 37
86 26
96 17
99 32
21 22
83 77
33 37
42 72
85 50
80 76
4 0
95 84
77 38
71 46
2 55
73 67
14 53
1 6
89 70
17 49
57 16
51 21
37 68
0 84
98 58
64 38
94 31
74 29
24 67
73 71
87 97
1 14
63 10
51 15
22 59
83 28
60 24
52 27
45 34
27 13
64 84
22 78
33 91
52 44
89 11
1 43
82 50
31 69
34 39
41 36
1 99
45 7
91 98
21 99
48 33
39 90
74 66
73 74
45 48
47 52
79 35
4 99
87 52
89 50
12 25
58 59
15 87
99 6
45 29
31 28
71 77
87 63
33 21
93 60
66 22
93 2
6 11
70 88
9 97
6 97
28 12
15 70
95 81
38 52
78 26
17 84
62 8
45 5
51 80
47 38
27 26
17 97
10 46
10 96
50 8
82 14
43 39
71 70
51 79
52 81
19 73
84 54
57 35
28 67
42 45
35 70
46 26
59 18
48 89
76 80
52 33
73 86
35 15
79 11
97 99
34 58
10 45
87 37
35 7
80 38
10 69
48 9
45 56
90 39
23 47
85 84
76 64
43 29
42 80
10 9
58 7
52 98
53 39
47 67
14 63
73 97
49 75
54 19
40 19
44 75
11 66
9 56
13 82
8 41
15 61
33 96
97 66
27 73
4 98
91 14
84 35
15 52
89 36
22 36
89 71
24 48
36 56
83 0
53 1
60 29
99 43
95 32
96 8
21 76
49 16
28 19
17 7
50 56
17 28
12 8
66 8
10 86
35 29
52 91
94 71
55 10
8 62
1 97
85 90
36 46
14 39
2 58
43 87
38 89
93 59
35 91
61 39
90 17
87 46
43 19
17 59
41 26
60 45
87 71
89 18
30 24
7 75
20 51
20 36
71 57
30 88
24 64
80 30
56 62
17 3
97 82
46 45
30 13
55 17
96 69
80 70
28 61
50 73
22 34
86 56
73 82
15 91
50 49
27 27
56 40
63 48
89 78
20 97
6 73
67 85
0 25
70 17
7 58
45 65
21 75
67 37
84 92
84 30
70 52
16 73
18 68
87 24
84 81
1 51
53 85
30 55
76 29
90 47
33 50
67 39
21 26
43 62
9 10
74 71
67 67
69 60
86 21
84 52
41 80
7 99
3 34
39 89
24 7
41 44
68 85
52 58
25 95
40 71
86 32
71 42
78 36
15 84
16 52
71 83
65 40
11 38
93 42
39 3
35 25
31 24
15 48
13 31
70 57
60 84
48 19
57 13
91 32
98 14
96 52
59 42
83 79
72 63
13 29
80 94
14 56
44 63
5 10
37 61
23 54
4 33
51 74
84 50
49 3
38 84
66 25
28 37
36 22
96 58
60 2
72 58
36 40
92 86
68 88
32 53
48 12
84 7
4 18
46 34
36 21
42 48
23 64
90 72
48 16
57 79
62 89
39 3
78 9
94 4
23 33
90 47
7 1
64 40
61 70
41 72
81 58
55 41
61 28
74 62
30 79
64 90
84 59
79 76
15 95
91 57
29 73
96 19
21 27
95 38
79 18
76 17
24 18
41 19
57 30
62 64
10 38
29 35
40 67
86 58
48 50
31 5
8 33
17 40
53 51
38 24
15 47
8 73
48 81
44 54
51 21
77 97
9 84
32 23
35 89
3 68
4 13
14 76
35 0
81 22
60 41
25 30
91 52
80 63
65 58
44 98
92 37
16 78
3 95
0 85
82 10
6 19
48 42
23 70
54 91
29 67
49 69
0 77
29 10
96 36
16 31
56 11
58 91
81 23
39 29
66 5
67 5
72 63
99 59
87 0
1 5
20 29
86 63
59 63
71 91
36 83
77 14
33 2
78 70
55 75
30 36
90 19
68 59
4 55
78 2
86 4
95 2
46 21
55 22
17 26
27 34
13 98
43 33
43 46
29 51
26 23
59 38
80 91
15 75
62 85
65 73
60 44
74 59
7 6
33 40
79 44
11 89
73 31
95 62
58 39
93 49
11 3
3 40
15 5
86 97
7 54
59 77
81 27
49 23
8 89
4 80
21 15
61 44
35 98
12 70
81 61
72 32
16 54
29 90
57 26
20 58
18 37
28 34
80 1
32 3
32 94
55 57
91 74
95 23
60 4
59 49
70 8
28 41
16 1
42 80
24 44
48 14
3 36
5 21
38 39
91 2
63 40
86 85
72 42
79 44
34 81
67 27
91 76
35 7
96 16
25 50
65 21
52 55
26 55
98 27
59 79
42 48
46 12
18 26
49 65
16 16
24 61
53 28
36 30
31 79
38 6
75 31
71 28
79 76
72 88
82 3
39 71
61 58
4 74
23 93
50 68
73 1
74 23
16 64
27 17
62 52
49 96
63 29
4 45
48 54
28 13
97 72
37 26
9 47
29 57
84 14
95 76
36 98
9 56
73 10
54 68
62 46
89 74
66 59
62 76
9 79
98 55
1 70
23 8
64 36
17 82
34 9
4 28
60 56
7 11
40 40
22 85
13 50
50 79
63 28
54 46
25 14
10 53
51 68
55 97
47 76
81 33
24 58
72 68
77 2
35 10
84 69
83 28
18 12
29 68
47 53
67 13
88 92
25 96
13 64
29 29
58 8
4 89
79 49
56 72
70 96
2 42
73 8
13 79
80 26
93 9
6 79
39 55
33 96
42 68
39 52
43 64
1 10
62 63
74 57
76 60
53 11
26 86
60 6
88 11
61 98
99 5
67 88
84 27
2 27
33 4
20 17
87 43
24 49
60 67
46 60
28 45
49 78
70 88
41 12
95 33
36 80
61 65
18 13
55 85
94 52
95 57
17 15
83 97
56 50
64 68
82 29
51 6
38 66
38 37
23 48
95 88
73 95
53 21
88 86
24 37
65 55
87 83
2 3
81 9
35 80
60 7
87 55
79 2
60 22
2 52
54 7
28 72
27 35
30 12
49 27
51 11
83 41
97 29
90 83
65 97
14 68
60 87
88 63
74 23
75 95
67 98
8 89
61 73
48 41
65 79
76 48
55 8
8 61
29 44
37 35
17 57
38 52
22 74
10 2
1 68
23 19
36 19
34 85
72 15
95 8
21 98
94 28
42 95
40 96
84 87
8 9
23 63
45 47
24 25
36 62
3 54
12 45
6 7
74 41
51 75
28 20
82 76
70 49
66 8
91 89
97 64
22 60
8 64
9 66
62 31
95 36
34 23
90 54
11 37
28 16
63 59
51 74
68 18
37 17
63 90
29 60
28 56
20 36
64 93
36 72
38 66
39 64
8 17
49 37
61 29
43 21
88 49
28 18
12 23
30 86
23 40
82 54
54 42
62 80
79 65
12 90
26 31
23 82
78 94
5 71
55 89
52 2
21 12
59 70
9 56
94 70
4 35
23 26
18 40
39 10
32 28
7 31
37 38
60 5
39 80
35 22
6 55
87 17
0 72
28 37
99 65
52 2
15 20
78 69
24 99
8 16
56 94
71 95
91 74
53 31
89 6
61 29
81 4
90 40
3 97
99 32
62 62
93 90
88 92
88 58
48 27
16 7
19 79
46 79
57 92
6 35
70 8
48 57
16 91
96 5
99 11
44 89
35 50
33 11
95 6
13 45
43 51
27 7
9 28
58 6
50 3
76 40
79 3
72 57
31 49
63 1
39 59
20 59
5 66
87 10
80 14
90 43
92 68
43 40
38 35
94 72
86 52
35 80
8 45
18 90
31 34
83 40
53 35
81 75
16 17
7 38
82 20
65 31
79 29
69 42
25 54
41 58
45 99
82 85
17 76
68 15
3 69
93 74
63 93
72 52
21 88
50 30
2 4
7 98
53 63
47 49
23 32
9 8
48 75
70 48
53 91
71 12
39 43
85 91
30 56
29 59
71 39
92 82
88 70
73 83
1 90
9 49
56 77
41 73
38 57
74 37
5 58
44 26
75 48
54 10
58 88
96 35
2 21
32 85
51 59
13 43
67 62
11 82
20 81
25 25
27 13
31 20
85 13
45 20
0 83
84 13
14 6
6 16
43 92
46 77
97 50
28 96
79 2
31 91
78 68
12 36
0 47
65 41
69 76
63 75
9 85
12 51
79 68
73 63
76 77
71 12
96 6
63 73
34 71
0 70
67 55
84 71
20 98
83 16
49 87
95 86
2 29
86 59
10 16
58 39
99 15
43 68
61 25
12 31
75 32
56 25
63 53
24 6
67 66
17 13
0 23
95 5
36 17
1 94
21 56
38 45
76 28
17 43
23 71
1 77
34 86
55 21
6 94
84 40
49 41
80 24
11 51
33 93
26 75
82 25
32 62
91 12
37 12
98 10
8 66
72 88
16 9
94 39
16 30
60 61
11 25
63 96
22 79
48 45
96 79
36 42
1 5
11 97
44 37
81 45
6 31
19 18
95 68
1 29
36 69
72 94
28 35
47 83
81 59
71 42
58 14
72 78
98 22
48 26
16 37
23 72
58 55
21 46
65 84
59 24
15 27
32 34
12 26
72 31
7 63
60 79
49 0
9 97
24 31
76 2
85 76
75 91
24 73
97 33
82 9
52 40
57 68
24 37
96 75
1 93
81 55
26 4
36 85
24 91
31 86
49 2
84 4
30 49
64 45
41 58
16 66
77 88
74 61
44 88
51 78
95 89
20 84
80 50
83 32
36 39
74 65
45 48
40 27
91 16
57 67
28 90
25 72
98 34
41 29
16 22
77 90
45 71
97 17
36 56
95 14
70 39
79 2
11 64
45 21
3 46
44 39
21 88
92 19
90 9
67 56
40 72
10 96
55 15
7 5
73 7
59 35
22 42
12 64
66 97
56 28
14 33
37 34
82 4
2 39
98 68
8 46
20 29
75 40
79 33
32 42
99 50
27 86
35 55
46 59
4 91
4 18
83 19
56 86
18 55
58 7
85 61
56 79
49 73
99 37
18 41
9 32
73 25
31 16
89 16
37 92
52 59
45 95
74 94
5 17
73 32
44 75
28 86
15 31
57 9
2 24
63 31
14 73
53 29
56 24
5 59
92 49
49 20
3 41
8 80
99 70
27 55
4 65
18 8
44 39
89 92
21 28
55 3
43 94
74 41
81 43
59 17
8 96
9 78
75 54
41 82
43 13
76 5
67 50
52 28
8 6
13 87
66 47
93 52
88 60
4 82
78 25
42 30
25 32
55 66
12 18
36 8
9 30
20 90
28 41
33 92
79 92
50 81
23 87
95 15
28 62
47 39
52 17
10 10
47 68
59 83
62 66
93 10
13 13
31 97
79 36
2 69
93 73
78 79
16 0
61 33
44 4
71 65
57 61
69 21
34 71
73 2
13 86
50 39
98 43
41 94
96 76
42 59
26 21
75 40
43 7
8 36
32 54
16 6
15 54
88 87
61 54
32 6
70 58
92 81
5 23
38 41
28 81
10 17
57 32
23 64
50 60
39 89
35 0
86 93
82 3
57 48
57 22
22 60
36 69
49 3
62 4
58 7
46 14
30 73
55 63
55 68
33 59
79 0
43 22
85 7
77 82
28 76
34 28
10 55
92 12
77 64
5 16
21 16
30 4
77 6
12 48
16 91
38 99
64 57
38 57
73 83
95 88
96 74
84 99
28 31
16 22
96 74
58 83
51 23
25 27
63 11
84 9
52 53
79 69
77 60
81 44
6 6
15 48
2 24
79 78
52 45
66 17
60 23
16 87
16 84
94 94
73 74
94 69
37 63
59 44
6 33
80 7
68 70
82 15
98 44
10 31
6 36
37 7
24 92
72 89
32 15
73 78
55 53
39 64
61 93
2 66
41 8
94 22
76 18
66 41
62 27
86 62
58 60
86 44
98 21
98 30
99 65
26 62
84 93
39 74
58 69
45 68
75 0
84 57
28 87
14 49
93 25
51 53
73 10
88 97
6 98
26 93
98 46
22 87
13 58
74 72
99 94
99 49
30 19
94 12
21 56
90 24
53 55
69 14
25 10
47 62
65 79
75 2
3 41
84 29
85 8
43 24
27 57
96 31
62 47
24 28
15 86
63 30
14 19
79 43
75 47
63 82
38 12
34 21
39 94
72 20
77 27
8 44
4 40
24 19
86 17
82 91
75 56
28 38
93 85
30 22
75 9
21 95
46 49
91 98
71 46
47 51
8 51
19 35
89 71
96 92
11 62
87 67
91 50
21 5
66 83
62 90
61 96
51 46
97 50
66 57
9 88
55 63
31 48
69 9
98 4
3 7
60 44
53 11
93 97
34 99
64 64
79 71
46 9
80 6
38 98
91 83
90 68
99 75
49 50
89 38
34 14
53 72
62 28
58 75
27 48
96 71
23 68
73 93
32 4
65 93
25 87
37 55
67 23
32 52
83 88
9 23
7 94
35 83
92 82
50 92
98 60
74 78
0 18
79 85
40 4
0 44
60 15
5 28
34 96
80 2
4 20
59 42
48 2
40 87
23 94
7 40
63 16
49 16
91 8
50 17
99 69
44 10
80 31
99 12
61 52
94 69
41 16
12 41
1 38
88 60
71 7
3 49
72 16
27 80
67 32
34 43
47 95
65 84
39 8
59 35
10 2
82 8
58 98
84 27
86 8
63 0
95 47
47 85
47 85
62 99
73 87
43 66
5 55
68 10
93 76
97 67
3 95
72 43
66 20
42 56
87 55
70 37
79 53
87 70
31 6
97 44
76 89
68 54
58 61
79 11
97 40
24 37
82 13
37 28
37 55
72 52
36 92
80 19
76 96
3 83
27 36
65 17
49 6
90 99
52 48
29 72
32 48
41 94
25 91
72 21
76 91
36 35
29 21
57 16
42 65
50 52
77 18
56 51
79 82
29 50
61 52
63 33
45 3
56 53
95 23
85 67
27 60
71 50
34 6
82 78
0 89
82 26
7 56
12 1
27 17
85 53
56 58
27 13
53 71
88 18
31 93
61 49
33 86
5 43
7 10
34 73
86 98
1 19
19 75
25 93
65 11
46 26
96 81
28 33
64 31
79 65
11 77
75 48
99 16
5 56
48 61
93 3
74 9
71 13
64 22
93 12
43 20
43 16
43 69
10 49
73 10
91 46
26 36
11 64
8 28
68 4
21 32
91 10
65 50
98 71
90 46
30 6
72 79
9 11
11 99
1 72
16 94
33 34
24 21
78 96
8 53
82 19
14 66
33 74
89 9
48 49
32 78
35 14
90 30
76 75
26 82
94 31
50 45
97 55
36 9
30 97
45 38
75 89
23 51
6 77
2 78
19 83
36 62
80 25
25 23
8 88
47 15
84 98
94 36
42 75
64 15
49 23
40 76
95 7
97 96
34 73
87 56
84 61
97 87
30 46
38 32
44 19
93 57
92 56
89 84
78 37
83 56
71 1
68 16
13 63
38 60
6 78
21 65
30 36
67 0
88 78
57 71
22 86
18 28
40 38
75 3
43 81
81 35
18 72
82 96
22 47
99 24
32 50
36 71
84 10
98 94
18 17
37 33
56 15
93 49
86 12
39 82
50 23
6 12
36 20
93 49
54 98
84 55
66 2
86 4
73 21
18 16
65 75
71 2
43 81
70 92
33 77
26 89
14 23
86 28
32 88
95 51
41 60
2 62
12 17
30 50
26 88
47 99
96 99
22 50
38 88
97 31
50 58
19 19
37 54
21 86
71 89
28 66
91 41
63 92
16 53
98 38
59 15
29 61
71 25
50 81
95 1
46 12
40 18
39 54
89 11
99 95
64 87
17 54
11 65
45 9
8 35
38 41
59 63
68 41
62 55
33 67
20 54
69 43
43 62
5 41
7 73
76 70
79 37
65 66
6 49
46 42
0 11
3 77
36 6
76 92
46 47
88 99
70 9
54 83
11 54
70 95
63 58
24 55
80 40
53 52
8 95
44 30
94 20
33 79
84 85
29 5
10 6
42 11
24 92
1 44
45 42
69 66
60 74
19 95
52 55
33 6
80 37
1 65
8 35
23 59
8 81
75 57
26 67
68 65
80 89
14 75
16 85
39 76
16 67
69 13
33 79
8 86
76 78
43 16
1 67
57 40
16 73
10 74
94 27
61 39
16 55
53 83
44 32
95 42
49 18
91 18
57 32
83 2
94 38
56 99
65 1
36 36
67 89
95 31
95 94
19 39
69 94
6 77
21 18
94 88
60 28
87 1
44 10
97 83
51 18
14 96
25 33
76 2
91 33
60 61
0 99
30 74
39 51
17 36
32 53
95 98
28 12
10 54
41 92
14 86
3 28
87 49
92 31
36 73
54 54
78 35
82 7
31 92
42 60
86 20
12 22
47 44
87 74
32 54
76 75
52 41
81 14
25 18
34 26
33 79
8 26
37 86
87 22
5 77
73 87
33 94
73 96
46 14
15 42
46 32
93 2
24 81
23 50
67 6
7 99
82 2
47 55
34 33
85 95
77 65
90 35
14 45
52 89
3 20
77 96
78 97
36 7
17 37
19 14
68 45
88 13
12 99
10 64
51 36
23 91
27 12
99 80
74 70
76 26
82 34
5 32
81 12
70 87
72 51
18 77
78 12
24 37
26 86
12 69
33 32
50 26
6 2
48 58
87 96
13 66
12 23
35 91
40 90
78 61
20 98
23 48
12 98
31 3
73 15
94 90
17 72
16 91
74 78
91 21
38 23
32 34
57 33
2 8
1 2
41 67
51 85
72 57
34 52
22 78
8 70
15 79
77 13
63 51
37 82
62 66
95 16
83 98
0 6
67 90
70 80
37 94
45 82
31 13
84 81
76 7
40 15
73 64
75 50
67 50
12 12
42 11
63 38
16 17
62 3
70 11
85 9
32 49
11 19
1 93
14 41
69 70
93 2
82 86
65 43
54 59
29 38
55 6
36 14
55 80
26 17
95 79
4 84
38 73
84 18
74 40
15 9
25 55
14 42
15 12
69 61
26 95
72 94
37 98
88 19
2 63
16 30
85 12
69 85
1 74
77 1
41 26
65 0
21 53
43 61
60 42
37 87
14 5
52 53
15 11
41 41
59 77
82 75
10 11
86 9
19 24
82 65
28 95
99 43
40 32
85 97
25 84
47 78
75 39
74 67
59 93
93 93
81 92
53 64
12 37
26 99
51 2
98 94
97 83
61 65
62 50
36 68
34 90
26 97
80 31
29 8
51 32
14 74
40 97
0 8
47 49
92 8
17 72
1 84
9 67
43 51
76 17
15 80
54 84
13 72
1 17
30 80
80 81
94 89
61 75
85 77
25 99
78 3
82 20
64 11
91 33
25 23
41 9
50 66
62 23
10 88
70 30
85 99
45 99
31 21
99 88
4 2
40 51
19 85
9 68
15 59
97 47
72 20
25 4
26 54
58 98
96 80
55 46
44 72
39 6
47 10
6 52
22 42
18 17
22 77
90 56
57 83
49 16
22 67
24 32
71 24
37 0
99 17
97 85
58 65
39 66
57 81
3 40
98 11
53 82
37 63
17 42
31 49
56 52
96 38
31 49
16 80
97 99
30 98
63 22
37 97
75 63
16 33
1 68
9 83
97 60
15 88
23 80
80 39
22 68
42 53
65 33
98 86
80 75
67 31
78 14
81 83
11 9
70 23
56 56
7 23
4 85
64 23
43 6
5 95
27 22
84 31
62 82
68 94
51 58
53 21
96 68
71 24
9 61
22 62
36 23
71 72
12 96
60 88
70 6
33 35
42 75
79 68
79 92
67 95
21 85
52 3
71 73
15 13
35 97
7 67
26 70
65 60
42 69
83 44
34 2
61 32
80 52
69 21
42 12
34 67
48 61
56 66
59 13
56 96
62 79
11 5
33 29
66 96
82 4
32 15
45 98
28 54
21 84
91 69
33 46
94 28
38 17
17 85
14 40
99 18
30 46
5 48
89 51
98 12
84 41
89 68
90 56
59 25
81 91
86 88
52 86
27 16
12 5
59 89
34 45
95 7
67 10
89 93
3 33
12 43
95 53
33 7
38 46
78 77
87 21
0 83
9 59
16 89
46 13
30 45
30 33
72 42
48 87
23 63
45 51
41 59
61 35
40 16
23 8
48 62
21 39
58 54
30 54
25 80
56 37
86 69
50 31
60 21
50 54
79 34
5 8
20 39
8 98
95 24
27 23
85 51
53 75
21 11
7 43
7 61
65 57
99 50
95 20
36 3
53 81
13 7
75 25
78 86
88 8
76 23
66 99
6 6
0 63
55 68
10 97
93 60
62 22
13 63
56 88
23 95
77 14
49 74
29 45
38 2
27 17
56 52
66 64
19 26
21 98
42 53
81 97
56 89
43 63
68 88
21 18
6 87
73 72
67 9
77 1
49 77
47 43
87 83
21 21
75 22
86 27
56 69
95 86
12 72
52 68
24 18
99 31
52 5
7 75
71 2
74 17
14 60
81 39
89 84
14 31
66 59
41 13
83 96
28 13
96 48
88 33
90 68
44 75
51 23
17 71
61 37
65 37
10 51
5 82
70 12
42 78
21 98
31 33
89 39
1 22
21 55
81 54
76 87
78 17
63 99
56 32
69 45
53 48
9 86
75 67
7 59
87 21
40 25
32 88
96 57
97 37
10 0
69 27
39 66
33 38
17 58
87 27
71 46
70 11
17 37
34 94
66 12
51 53
42 97
39 71
11 95
80 77
20 54
45 33
87 30
59 18
44 8
92 87
43 53
56 1
89 32
40 11
16 63
30 61
56 34
14 69
97 48
42 86
86 94
20 86
5 2
6 20
97 45
77 55
2 21
12 47
7 39
67 34
37 5
58 62
57 8
71 90
16 72
32 94
97 56
40 44
23 42
98 93
40 9
63 97
50 15
76 77
67 86
4 95
38 49
89 36
58 82
6 74
95 88
69 7
48 45
23 30
46 11
9 41
16 99
70 69
28 10
79 34
7 24
78 43
41 39
90 86
38 66
85 73
66 27
45 22
44 95
54 92
7 40
17 79
90 17
9 5
0 70
50 76
64 39
27 29
48 56
97 6
34 95
87 11
49 54
9 58
92 51
41 10
48 46
9 4
41 10
46 30
87 16
75 36
96 65
65 20
69 35
95 45
22 36
59 29
95 12
36 88
69 52
43 17
91 12
17 96
85 33
35 13
67 95
97 9
75 19
49 18
18 53
87 14
0 35
66 93
14 17
82 28
78 56
58 75
94 78
54 86
35 23
13 65
49 72
20 21
36 13
6 55
49 13
89 67
15 54
64 45
25 94
67 41
80 54
4 10
79 73
30 59
47 45
31 26
54 98
49 4
12 28
90 65
80 96
94 33
1 82
12 76
88 54
60 68
3 49
98 57
60 60
80 27
44 81
87 88
0 9
82 48
58 10
19 29
69 73
85 75
94 27
8 58
7 54
20 17
74 43
19 16
83 4
1 13
99 56
79 15
29 66
10 35
35 43
26 72
42 80
42 86
23 21
10 0
70 21
47 76
61 82
49 7
67 64
55 90
23 66
96 91
15 48
42 42
62 81
95 61
98 94
73 86
20 16
87 20
45 35
18 48
1 91
10 7
67 64
61 9
17 67
50 77
20 4
4 92
80 99
18 48
28 30
75 78
60 92
6 8
84 41
72 45
98 7
91 6
81 73
59 83
93 82
96 39
26 1
3 74
92 77
78 97
74 40
67 75
68 53
49 54
71 62
37 57
67 56
56 70
72 70
90 20
38 25
68 27
23 96
23 48
15 94
8 36
75 81
17 85
3 94
98 64
22 47
85 33
93 15
48 74
0 80
96 48
56 23
84 40
74 79
36 29
53 92
72 18
19 85
17 51
65 45
26 50
42 19
61 92
83 8
69 10
0 78
24 2
20 75
57 82
70 61
39 54
81 57
26 13
85 38
80 18
84 28
97 38
29 47
28 32
82 58
5 58
86 16
11 47
17 59
47 62
41 23
59 70
55 30
54 63
39 38
69 42
9 21
19 25
88 38
2 86
89 23
93 54
49 83
23 14
84 45
17 26
70 8
81 27
32 79
15 27
8 33
44 82
47 62
95 44
79 88
68 62
77 2
68 23
69 70
67 76
25 50
56 80
41 89
55 63
64 97
94 65
20 98
58 91
12 8
2 65
87 58
36 83
29 82
48 75
30 30
63 25
59 18
88 19
41 56
15 62
2 2
51 25
19 5
50 65
52 47
8 70
34 3
28 70
6 69
59 52
52 90
91 45
23 53
81 67
68 0
81 13
22 90
58 83
1 59
0 71
48 59
97 58
41 35
52 11
99 85
58 37
75 95
88 47
80 83
75 88
29 10
63 64
70 79
6 16
14 95
40 22
31 76
8 29
93 47
50 41
9 79
65 70
95 32
81 92
6 8
57 10
12 61
67 39
67 24
44 31
38 30
3 14
38 46
31 44
16 82
56 85
0 79
20 83
28 9
15 63
15 48
65 65
73 66
44 69
43 77
36 75
25 87
92 38
21 53
0 57
83 65
6 78
99 14
42 21
98 31
64 97
60 67
88 42
84 80
34 15
78 85
2 26
67 18
35 39
99 68
0 38
51 95
6 54
54 42
8 2
81 69
54 54
44 52
77 4
41 7
62 5
11 81
70 84
88 36
21 96
24 85
74 54
18 9
78 90
42 75
42 56
1 83
88 37
88 9
27 71
4 12
79 70
75 34
63 43
36 76
5 59
21 18
52 5
22 66
33 85
39 35
60 2
38 42
59 79
59 12
21 79
21 82
97 43
42 62
22 96
28 35
43 2
46 85
60 99
86 30
95 93
40 33
97 48
97 85
58 0
15 94
4 32
56 1
72 63
86 38
23 92
86 60
63 37
86 16
15 48
25 50
93 35
30 80
67 94
76 93
65 91
8 11
64 86
85 26
93 75
14 46
6 74
59 59
10 37
62 28
1 13
61 69
46 18
76 54
20 49
56 89
40 77
51 4
45 50
4 5
3 51
20 50
98 86
11 1
11 18
17 97
21 72
64 88
82 44
50 13
29 43
81 18
0 94
83 7
58 30
6 68
30 50
44 18
80 12
35 14
82 52
24 27
88 51
28 66
37 46
34 23
13 26
16 79
36 53
69 24
0 20
13 10
59 50
63 18
32 12
25 40
64 58
74 26
42 37
12 55
0 51
49 90
66 33
91 0
16 19
37 61
87 27
86 80
1 16
37 25
74 6
34 9
8 45
72 26
55 50
24 88
74 93
70 55
42 4
79 82
52 20
42 45
11 87
85 76
8 7
29 73
30 59
39 69
90 28
29 58
3 90
67 56
43 57
23 34
10 27
53 60
21 23
85 16
24 29
11 46
93 41
39 88
15 54
34 75
2 88
54 40
41 85
23 16
52 2
96 31
22 14
27 87
6 45
41 33
61 7
78 84
82 59
17 32
94 66
97 91
57 73
38 30
35 60
99 3
96 13
10 98
33 17
87 94
71 82
58 94
39 3
99 97
37 20
16 31
27 85
10 6
6 22
58 30
3 90
67 29
11 74
32 95
9 73
43 73
21 57
2 9
2 43
47 2
46 17
98 6
74 31
31 47
89 41
89 42
10 62
23 79
41 8
55 37
8 73
25 93
47 59
78 7
50 25
84 53
83 30
79 33
90 58
98 18
7 59
16 15
63 46
67 32
99 32
71 6
71 97
3 53
93 40
0 32
38 60
36 6
58 50
54 72
29 79
37 40
34 67
51 17
31 58
19 45
40 82
11 8
77 41
99 10
63 39
84 28
43 37
33 84
10 6
40 19
1 3
14 56
0 55
17 20
47 28
7 65
4 9
91 65
56 61
24 83
30 93
90 59
37 46
13 19
7 50
76 14
11 49
35 91
1 71
86 28
85 81
39 84
56 90
36 15
78 29
1 60
17 5
32 77
0 64
50 71
78 25
59 37
70 37
87 76
43 85
12 17
89 10
31 43
91 5
58 87
28 42
24 66
88 5
53 10
32 20
22 69
54 32
81 12
92 87
73 36
56 23
44 15
53 94
43 17
5 41
28 65
86 38
96 48
72 6
47 14
48 1
83 49
63 59
29 34
3 99
59 30
99 46
72 93
63 93
15 3
10 99
15 13
63 87
52 3
76 79
62 88
41 99
47 94
42 41
83 13
28 2
80 58
29 65
36 45
96 19
91 40
23 39
26 11
17 64
62 6
88 6
95 50
3 50
45 92
86 71
44 47
15 78
44 73
57 49
19 77
64 36
23 68
59 20
94 51
14 53
73 17
28 92
9 78
74 63
36 20
7 9
51 97
15 93
23 62
83 2
2 99
38 76
44 52
30 87
38 29
3 3
77 33
29 76
65 70
10 32
94 73
25 10
9 7
1 22
97 26
51 99
48 17
0 56
20 12
13 44
99 4
28 88
18 25
26 44
47 52
14 99
94 99
69 91
42 17
14 73
41 28
46 45
66 60
24 47
32 22
14 18
68 70
60 82
76 78
59 77
66 17
43 98
80 35
14 20
93 15
15 50
53 0
7 72
87 40
3 85
37 96
15 86
30 57
88 40
95 87
49 30
27 73
33 99
31 61
24 52
23 97
43 21
36 63
18 79
24 29
33 66
89 2
40 64
52 82
84 38
23 89
86 65
81 88
83 77
53 75
84 68
95 7
17 79
70 92
91 3
97 63
53 42
13 27
32 19
39 62
8 24
16 55
29 79
25 82
27 81
81 23
44 27
2 89
84 95
27 23
15 83
85 26
52 81
86 43
42 4
27 27
8 74
90 65
79 99
82 91
95 49
87 29
34 71
87 6
29 16
91 33
29 1
4 62
63 20
46 51
17 50
47 2
43 8
37 0
10 46
12 86
88 99
23 24
6 85
11 96
32 84
11 6
45 71
63 98
27 69
43 10
62 34
87 75
14 67
1 55
80 32
25 21
18 17
5 40
98 56
53 73
60 55
13 53
24 9
74 64
67 30
47 37
43 8
8 6
65 46
54 82
36 72
99 14
16 41
25 50
68 54
14 19
83 63
94 34
97 88
60 78
5 6
44 63
23 16
66 55
24 89
40 58
7 87
30 91
23 70
27 69
43 4
5 28
79 93
22 6
4 40
73 50
43 65
16 8
34 45
48 93
43 88
15 54
43 57
75 78
24 29
91 98
12 21
23 89
25 74
81 68
25 77
87 78
3 63
21 85
33 28
90 66
69 47
16 11
39 21
1 28
84 64
85 36
10 91
43 22
68 9
47 16
21 18
63 7
17 17
33 93
35 92
74 56
47 94
1 8
59 88
29 49
66 28
30 79
5 27
18 39
22 94
33 79
19 44
3 25
35 17
34 60
96 46
17 9
21 26
95 70
88 82
87 41
9 66
84 48
81 60
52 36
77 49
57 76
15 82
95 64
67 65
99 75
60 54
74 71
59 73
55 44
81 46
78 8
24 25
28 46
67 44
44 77
50 90
76 32
66 53
22 16
6 48
92 62
72 64
22 19
36 61
55 2
10 41
66 78
24 65
38 77
57 20
86 81
97 85
95 10
42 61
13 73
0 22
52 84
35 75
44 21
37 61
88 5
91 3
0 87
52 62
90 34
98 39
55 10
9 75
88 34
38 26
31 94
65 87
5 9
81 0
13 73
2 1
19 8
57 31
88 22
94 36
17 17
43 18
35 74
84 75
53 53
67 47
37 9
76 40
90 5
75 58
80 31
11 89
42 20
15 50
37 41
0 92
93 17
30 85
93 63
64 32
76 82
87 1
19 72
59 47
75 29
36 86
31 3
15 98
99 44
62 0
39 34
32 24
7 62
94 99
94 51
10 80
23 90
57 39
48 33
24 94
52 5
56 68
22 53
28 94
60 48
64 32
56 75
27 86
92 53
27 49
1 67
98 35
44 0
53 54
60 82
75 76
85 44
55 19
6 61
44 3
59 49
7 71
5 10
28 37
22 13
90 43
38 75
75 79
57 9
51 54
20 24
70 49
21 66
14 12
70 34
60 0
82 66
10 41
29 32
42 17
59 78
9 17
71 99
74 13
48 8
36 46
31 27
23 25
98 99
40 51
23 78
47 37
71 8
50 29
53 5
0 98
93 21
99 74
89 83
15 90
91 65
91 91
3 4
43 72
91 28
29 75
1 31
27 10
33 78
65 24
20 5
7 85
14 37
33 18
43 59
66 89
85 25
73 13
17 0
94 27
85 33
2 25
55 98
46 52
59 0
53 57
27 20
95 28
16 23
69 7
3 55
99 6
73 7
52 15
79 42
36 88
26 65
74 77
66 95
85 13
95 71
18 6
33 86
47 25
73 82
78 75
73 27
45 69
69 27
94 79
45 69
65 37
43 76
17 98
1 51
20 27
32 34
90 33
60 42
5 11
55 6
88 74
98 86
10 66
64 66
6 94
6 25
60 97
56 27
3 25
29 16
31 1
33 70
99 78
76 58
71 74
76 88
67 46
5 10
24 6
45 16
25 35
23 13
86 88
97 93
81 94
45 26
9 7
52 74
96 54
82 61
54 46
59 63
76 17
95 97
7 39
46 63
73 64
7 71
99 10
74 62
34 4
37 79
43 41
24 46
41 85
94 34
65 87
48 80
78 99
20 28
77 15
54 58
5 73
99 37
18 0
99 71
34 48
75 62
85 75
41 51
59 7
67 82
90 54
54 98
86 29
7 67
56 33
1 70
58 84
42 72
45 4
49 35
66 54
40 39
75 34
15 9
61 91
45 50
87 77
99 70
22 43
76 46
73 9
59 73
21 38
69 84
38 12
98 71
96 41
15 49
28 68
70 62
35 9
13 20
89 98
86 91
16 17
48 65
92 7
80 30
87 82
71 98
58 23
39 6
23 22
78 50
33 3
78 44
50 99
63 45
36 24
71 1
48 62
87 68
53 47
32 94
68 34
17 24
97 81
17 89
60 72
9 88
19 18
99 51
69 71
62 89
20 55
70 85
84 71
4 75
35 42
67 12
10 39
90 94
90 2
94 83
57 33
81 56
71 73
45 14
36 34
59 75
64 71
50 78
34 24
84 54
79 39
13 45
27 9
95 82
6 18
47 48
4 59
85 22
36 48
40 97
35 95
61 13
85 77
21 28
69 4
70 36
33 93
78 0
14 47
88 79
69 54
89 81
68 58
82 58
56 40
36 33
43 87
9 66
27 19
2 68
73 0
23 87
65 14
26 17
71 74
36 17
71 20
6 29
18 35
76 28
41 79
57 9
27 66
94 1
6 27
85 29
55 47
46 1
35 77
33 65
99 74
95 7
44 62
44 0
80 58
38 80
88 75
19 93
27 31
85 4
78 0
46 64
46 86
24 68
86 59
99 63
68 26
14 15
95 91
45 75
33 39
37 6
36 63
82 34
83 84
81 81
30 18
77 32
6 13
88 2
75 46
44 40
21 99
61 39
94 99
43 50
29 85
20 98
92 19
6 64
12 86
59 62
27 29
74 18
15 52
39 52
22 60
17 19
47 92
27 92
55 87
41 67
17 25
99 59
23 63
16 93
97 20
86 37
49 78
50 89
22 66
41 74
23 12
68 57
44 54
93 90
50 37
22 53
72 86
7 39
54 56
2 31
7 4
11 23
19 75
51 61
34 92
84 20
13 14
62 4
47 9
86 77
57 7
28 37
90 17
28 4
93 4
73 10
16 34
82 32
35 6
54 63
51 57
11 58
30 34
47 55
0 33
47 65
30 91
18 57
47 94
61 87
96 89
70 41
58 64
62 20
27 30
99 74
62 38
72 48
20 44
92 75
39 13
23 66
2 27
59 73
48 24
79 25
10 82
71 56
24 44
31 23
80 71
26 83
66 27
23 97
7 20
3 86
69 98
91 36
33 14
81 3
8 5
33 60
84 38
41 52
43 38
10 88
86 97
36 37
7 0
21 87
49 39
6 8
61 35
50 99
71 68
23 18
35 98
36 61
74 40
89 20
73 24
91 93
48 84
39 60
98 8
66 8
56 51
55 56
72 29
81 50
3 2
41 11
14 34
16 80
80 41
29 97
5 3
29 37
20 88
68 65
1 43
69 74
94 90
96 14
12 16
95 83
46 86
66 32
8 19
55 33
26 98
27 30
84 2
4 51
0 30
48 23
42 51
79 55
61 87
75 99
15 48
41 88
97 74
52 33
77 26
76 27
75 72
53 31
55 31
82 16
9 97
21 83
29 54
43 28
33 63
94 6
61 80
95 38
89 29
46 80
85 42
69 8
88 18
53 89
59 31
36 93
70 61
16 8
68 69
70 49
0 32
47 39
8 36
16 90
13 51
88 0
37 36
38 47
9 20
73 55
55 34
49 20
77 10
50 94
77 99
11 38
0 99
36 83
18 22
36 62
79 4
30 14
68 4
0 99
46 94
35 70
8 7
94 70
64 0
57 70
95 17
23 47
62 61
35 53
94 52
72 43
0 52
48 60
34 65
39 13
90 84
90 85
33 19
14 27
0 55
87 71
83 11
25 36
50 21
46 82
16 3
92 81
20 48
10 30
32 44
2 58
18 38
1 84
22 22
26 23
9 16
62 2
31 72
2 25
88 51
68 97
85 6
83 79
59 62
40 7
5 57
26 76
34 73
14 56
75 67
69 29
3 2
44 10
61 69
93 5
59 55
24 27
12 70
29 47
0 28
42 39
73 31
38 44
2 15
56 4
40 47
29 79
77 0
24 63
72 42
75 46
96 57
88 47
17 7
56 44
61 41
61 23
76 71
98 38
58 82
78 21
42 57
18 96
44 12
69 86
29 70
48 82
67 10
99 5
84 72
17 25
76 41
23 90
11 69
0 50
21 93
18 46
48 22
17 67
12 62
45 79
67 54
43 15
60 40
17 46
10 18
82 8
90 72
93 40
93 52
77 76
88 16
95 75
79 22
18 74
5 80
83 32
62 29
96 39
42 33
42 49
14 5
71 51
54 27
11 10
18 89
20 87
7 48
5 21
9 17
4 31
78 35
30 91
38 61
88 79
23 80
9 27
1 28
95 71
82 0
17 75
43 20
26 1
46 79
84 76
0 6
3 87
81 60
8 32
80 20
63 11
17 1
48 35
65 4
27 93
4 97
84 64
6 36
46 97
60 39
48 50
44 18
48 14
8 50
80 34
27 86
88 39
69 84
10 37
76 25
99 51
37 93
42 96
90 66
33 54
19 35
97 93
23 72
43 56
99 73
34 61
43 5
63 51
62 9
79 90
77 10
14 94
64 84
72 20
12 85
98 49
5 55
7 81
35 49
7 13
80 57
90 58
89 66
74 35
86 17
35 73
81 44
44 46
95 14
31 82
42 79
71 39
66 79
46 17
83 61
5 17
45 66
12 64
51 0
26 35
51 87
58 7
26 95
94 6
28 79
45 17
70 49
64 30
40 99
98 81
35 19
60 84
44 29
84 31
55 65
81 90
6 38
84 39
78 74
35 16
12 8
52 82
3 10
46 31
81 51
31 70
96 12
25 22
95 88
2 60
29 42
83 90
11 12
93 89
45 90
76 7
75 68
78 76
82 76
17 30
55 4
93 35
45 60
43 10
62 61
86 99
15 91
79 5
41 56
18 58
29 70
85 66
9 98
97 28
61 60
84 59
4 1
48 84
42 91
55 34
15 75
44 2
35 55
74 29
14 99
57 37
56 47
69 3
37 36
7 36
43 29
51 41
8 65
28 54
44 8
84 40
24 98
20 92
44 39
92 40
0 35
35 99
29 45
89 96
32 46
94 35
72 45
7 22
73 71
45 5
1 99
59 97
26 58
26 14
79 6
11 43
0 38
12 63
69 44
24 74
46 86
64 30
49 9
20 73
21 12
12 51
44 14
19 33
5 7
22 66
15 29
62 26
97 87
76 69
66 99
6 13
79 65
51 36
25 40
41 45
57 81
55 38
14 15
69 17
33 66
84 8
60 52
51 25
41 14
40 58
34 63
16 61
27 12
18 6
52 52
99 32
81 67
15 30
44 6
5 71
53 26
52 46
2 39
86 28
2 39
30 13
25 87
18 54
21 22
4 99
90 70
21 36
29 48
24 22
3 37
30 91
2 10
86 58
98 57
92 79
97 10
79 75
73 69
55 76
82 90
83 31
32 93
92 2
60 54
67 30
15 70
8 27
80 16
87 84
62 38
17 77
58 59
52 83
76 78
28 83
14 66
22 43
69 42
71 98
79 32
22 3
42 89
64 26
15 63
25 47
57 20
28 16
45 7
75 77
49 21
93 15
89 94
32 78
37 73
23 56
42 22
51 92
26 28
46 48
19 92
53 19
68 69
61 10
73 4
5 6
4 92
36 75
94 8
35 33
13 50
87 72
57 40
44 30
58 53
93 88
35 65
55 49
45 26
50 93
19 20
59 46
70 72
64 93
74 90
26 59
72 88
72 14
64 79
31 80
98 56
38 8
40 40
44 24
67 2
56 79
55 98
55 35
70 92
79 95
57 70
25 64
46 79
38 78
66 97
94 62
31 38
36 94
26 88
26 13
70 34
89 85
57 15
51 3
0 5
17 82
91 34
8 41
63 17
40 19
76 96
87 13
64 91
87 11
37 64
39 39
79 34
61 3
28 33
74 90
17 35
71 7
92 37
11 89
20 96
26 19
74 71
20 40
65 39
45 91
40 51
45 27
56 61
47 1
70 61
35 39
72 14
77 84
51 51
6 93
84 89
97 28
48 10
43 28
94 9
55 14
9 2
86 31
40 28
84 79
45 52
68 34
1 49
74 78
25 49
21 72
95 75
61 56
45 65
58 4
68 86
40 20
22 22
68 2
80 95
3 21
10 41
27 16
24 48
2 73
30 1
56 39
34 3
89 17
58 9
95 24
30 18
58 17
83 88
93 65
74 77
13 83
24 36
14 40
34 5
54 61
82 9
63 36
36 57
97 40
55 28
5 97
92 24
57 73
66 6
11 38
5 99
26 40
73 17
72 18
50 90
22 1
44 19
22 26
85 56
10 85
32 4
60 2
35 5
18 0
69 26
88 33
57 25
20 62
43 56
49 39
76 15
37 19
54 53
61 6
53 57
88 56
17 68
39 68
37 40
16 21
94 67
99 25
2 10
2 91
35 61
88 83
0 6
76 26
62 30
96 46
1 40
18 89
97 44
16 90
5 6
44 38
94 53
95 54
17 3
2 21
45 37
83 64
63 85
90 1
84 47
4 22
88 96
89 80
61 32
54 40
28 15
94 13
40 93
54 17
61 56
76 58
24 19
49 73
60 60
12 73
54 6
3 89
46 50
48 81
45 12
1 95
44 35
5 76
99 29
11 73
75 80
29 31
9 39
78 27
71 89
37 15
22 13
98 55
20 33
88 99
89 49
13 87
80 77
13 21
50 95
33 82
69 32
53 8
92 89
46 32
73 42
14 57
42 46
61 33
84 99
0 56
68 9
58 70
96 66
27 1
94 58
46 33
13 72
95 89
41 33
17 28
17 39
34 44
20 59
61 98
73 22
37 98
84 86
60 78
4 77
95 56
99 98
