1000
52 16
0 41
42 83
74 91
77 98
96 38
11 5
32 94
95 57
52 27
70 48
22 34
51 35
99 44
62 76
66 43
55 85
62 10
56 5
92 48
31 70
99 49
49 1
81 77
20 43
30 50
67 52
36 77
11 58
2 96
95 3
19 95
30 28
32 5
58 68
15 90
9 77
43 47
11 90
3 94
70 4
22 81
50 38
73 14
57 70
29 45
87 42
37 98
72 29
19 45
99 63
79 88
31 10
36 88
86 4
52 92
45 90
25 40
14 43
45 62
21 58
18 15
30 60
82 4
41 88
87 55
16 78
16 90
94 23
31 56
9 19
39 92
74 43
46 31
45 33
8 8
7 87
40 22
32 97
3 42
58 56
10 80
29 81
74 49
65 17
56 71
18 31
96 85
55 31
69 37
53 66
2 28
60 84
85 90
28 50
65 67
22 10
31 10
61 8
65 84
81 39
18 5
91 60
99 52
82 27
48 24
55 49
7 59
47 19
13 38
91 9
26 88
89 18
32 62
54 11
97 92
8 7
62 61
57 23
96 68
3 55
64 10
67 90
19 49
76 18
53 52
41 48
84 88
60 91
37 64
14 63
2 52
84 58
95 69
60 3
19 41
68 31
0 21
80 65
3 93
88 17
81 11
33 22
1 84
69 2
7 56
62 75
65 1
60 23
62 87
11 8
40 16
87 26
33 91
8 42
9 59
30 5
72 70
21 95
51 87
90 66
50 89
94 18
28 14
17 27
94 85
43 74
7 16
35 9
90 61
57 50
18 48
98 98
34 94
7 11
96 41
11 40
21 37
13 11
92 83
46 10
60 65
48 49
84 69
89 79
33 23
84 47
94 23
80 92
57 36
28 22
46 67
90 48
45 11
13 11
21 5
43 71
32 60
18 77
59 44
28 17
38 46
52 79
69 60
49 78
26 14
12 8
80 84
1 14
21 82
84 59
23 79
68 43
21 62
73 11
16 45
24 75
78 19
7 89
44 44
4 73
91 53
74 70
9 89
27 69
18 20
26 96
71 13
82 90
43 71
36 77
71 50
33 49
80 69
71 73
13 78
33 36
12 21
88 39
63 57
9 30
79 71
81 72
79 68
76 27
47 55
9 25
73 66
72 66
37 87
17 31
1 59
5 45
76 2
48 43
49 12
54 36
21 16
12 41
16 88
90 55
1 38
22 66
72 74
63 83
65 37
25 60
81 10
91 25
4 95
3 10
30 51
66 64
11 15
66 74
87 8
88 2
72 20
51 44
89 44
53 27
31 18
95 50
3 23
7 51
47 94
76 92
56 53
69 58
26 68
32 19
58 80
43 39
12 8
70 24
72 40
43 99
60 20
62 27
53 15
49 5
54 86
17 77
90 39
8 65
25 83
30 48
11 72
98 71
50 56
33 76
42 84
19 39
95 25
7 30
25 81
46 92
5 70
36 62
36 52
81 18
29 60
39 78
28 89
33 18
90 62
25 54
73 35
60 38
80 46
70 3
17 34
81 83
31 24
58 18
78 16
27 5
5 7
8 75
67 15
17 31
31 4
38 56
71 98
18 57
13 20
11 70
39 77
22 51
0 26
31 28
52 44
63 77
50 40
22 1
62 84
89 39
50 56
52 80
34 63
74 4
11 37
29 51
13 99
50 32
25 57
94 58
46 71
91 20
36 74
26 43
15 23
49 13
26 95
50 69
3 78
54 66
52 22
14 3
65 91
83 37
98 85
41 32
24 58
18 79
54 35
75 13
4 57
85 3
8 57
38 96
55 90
45 96
16 55
28 16
17 93
63 91
2 70
46 76
78 0
20 85
72 9
84 51
55 8
22 3
55 54
98 39
84 83
80 10
19 96
99 40
67 38
98 70
37 4
58 43
52 13
29 64
83 21
84 50
7 92
91 41
24 22
43 39
24 21
21 31
35 84
53 86
73 25
42 58
28 3
28 62
58 90
26 80
75 3
28 64
95 4
20 98
90 9
64 73
98 46
31 44
19 9
64 46
78 74
53 58
7 63
66 64
44 98
42 7
91 31
56 7
97 76
18 82
50 47
70 24
25 27
90 9
13 1
30 81
34 26
31 26
57 99
86 89
62 78
70 91
8 9
19 26
72 52
4 57
24 71
18 36
7 26
34 25
93 86
77 21
64 69
18 60
99 53
65 69
4 33
84 64
57 77
83 21
68 93
74 10
63 71
98 25
55 46
44 1
76 70
81 72
78 1
12 98
28 87
19 40
6 0
22 91
59 99
22 40
89 91
12 34
39 29
94 63
52 0
83 37
46 31
84 96
35 37
8 32
49 87
12 82
97 73
80 24
53 95
1 99
62 25
91 40
29 2
16 3
12 31
96 0
38 43
48 55
31 38
26 44
17 67
87 24
3 15
48 31
52 85
91 15
21 23
6 41
9 47
46 56
74 83
17 19
8 11
38 40
70 34
67 24
13 64
61 1
53 7
92 83
71 92
30 30
85 10
65 13
70 6
97 1
86 29
76 74
49 83
70 3
92 36
78 40
76 58
58 12
87 96
95 33
95 49
8 66
18 65
5 24
36 32
9 80
75 45
57 52
93 15
88 89
69 17
75 34
39 5
54 35
58 75
65 25
67 13
6 74
20 16
52 97
1 41
94 44
67 5
82 98
71 38
79 44
89 0
18 7
53 13
88 82
52 70
95 14
68 94
16 38
39 96
37 36
18 65
71 78
81 59
77 23
36 54
33 58
40 62
88 94
63 90
22 15
39 96
36 13
18 69
42 10
55 28
77 99
57 79
93 24
21 39
89 29
63 90
64 2
34 90
20 17
45 48
54 27
1 82
32 1
52 42
47 27
36 81
70 52
26 33
68 40
63 40
58 78
17 89
76 64
79 4
78 97
14 70
45 51
76 63
8 4
38 17
88 51
90 50
62 0
36 18
36 56
67 34
73 66
25 1
31 44
99 85
55 18
62 66
46 86
50 72
22 83
77 18
33 76
1 52
76 50
48 97
72 54
37 22
33 14
80 64
63 62
94 72
2 59
22 34
43 72
57 88
80 61
61 25
18 17
82 10
9 83
22 71
46 5
21 87
54 50
5 35
45 55
96 10
31 49
46 72
34 21
63 99
54 96
37 18
94 86
83 92
35 11
76 37
64 90
99 18
72 14
37 62
61 81
38 62
2 15
61 38
96 49
74 30
6 41
82 72
63 63
65 91
49 1
9 17
27 59
59 18
96 93
75 41
19 54
78 81
40 3
52 73
29 9
76 48
38 51
19 65
43 25
64 54
39 86
31 0
2 25
61 79
45 48
0 0
18 41
21 93
68 6
22 53
72 71
99 13
37 36
60 35
79 38
85 13
10 30
62 98
63 73
90 10
12 58
60 87
72 90
39 45
82 67
8 66
75 21
54 82
32 1
75 59
86 60
38 65
1 92
35 23
60 66
56 66
35 0
70 74
71 69
25 50
51 64
89 68
16 94
0 79
62 33
93 74
94 93
40 90
32 97
10 7
94 84
24 28
52 14
34 65
52 39
5 10
85 46
10 11
44 18
47 27
7 82
93 6
5 55
24 71
48 33
2 54
77 79
90 95
74 39
37 75
18 82
81 81
3 52
34 2
54 69
58 26
27 81
97 28
12 54
44 24
7 31
71 3
88 23
39 27
82 92
87 70
11 72
43 62
46 0
58 39
44 12
17 44
51 13
81 40
87 20
66 9
51 8
78 0
73 1
45 33
38 61
51 48
21 88
52 93
64 87
13 4
56 49
88 86
41 75
38 42
77 54
84 99
28 52
83 27
46 43
17 88
84 6
34 62
65 30
33 7
84 20
32 15
43 86
23 80
12 19
75 29
72 77
68 38
40 54
73 17
68 95
80 65
48 98
91 49
94 34
52 43
86 65
47 26
17 26
37 57
41 52
5 79
6 92
8 8
1 95
1 99
90 76
32 15
24 41
55 27
82 64
59 73
50 7
45 62
93 85
16 85
22 87
92 70
68 47
74 36
66 86
70 95
22 82
71 62
94 29
65 21
23 85
97 98
33 85
26 39
45 51
91 81
46 48
63 72
81 78
72 51
68 37
45 42
58 25
23 35
29 56
90 59
18 39
37 30
14 68
99 93
95 52
54 24
69 74
6 75
75 85
24 39
81 10
21 12
87 70
94 29
18 10
49 76
87 56
89 55
82 64
36 52
60 17
89 54
63 14
42 61
96 28
41 48
43 29
39 69
5 95
90 81
15 33
3 2
42 91
8 55
43 64
64 20
39 0
28 68
97 52
39 40
9 92
10 37
90 39
94 53
12 10
81 50
54 23
67 52
6 56
9 30
11 37
23 93
70 47
52 1
18 51
80 73
34 83
5 18
12 12
67 75
71 62
9 52
46 60
94 9
32 12
18 35
65 91
7 6
39 25
91 46
47 12
54 44
66 23
13 67
87 92
98 29
27 11
28 48
36 70
59 7
80 41
66 86
6 89
1 97
91 94
26 38
26 55
72 85
39 15
70 6
94 18
46 53
16 29
41 81
