3000
89 59
61 0
69 97
49 19
73 54
67 50
29 23
57 61
28 71
23 16
65 92
49 46
37 71
19 9
52 14
55 6
68 45
29 66
51 0
75 40
25 61
65 55
21 69
51 12
27 78
66 94
20 25
73 76
2 21
88 7
34 44
56 86
43 73
71 88
81 68
43 90
35 71
26 60
76 49
88 62
16 89
88 72
3 25
6 2
6 8
86 36
17 59
22 46
90 36
70 40
37 61
41 65
91 21
61 98
12 92
12 93
3 69
2 3
32 76
38 56
25 10
24 63
92 54
74 78
34 42
87 68
69 39
65 25
79 22
99 31
62 72
27 39
68 77
99 52
24 14
23 80
8 40
99 59
54 89
2 95
14 22
49 6
98 55
20 11
97 95
75 40
97 79
30 36
40 43
63 89
55 63
88 44
66 37
34 86
12 97
71 52
66 81
37 59
83 39
28 87
68 20
90 49
63 52
95 46
98 8
27 95
96 40
40 72
47 55
73 50
86 68
53 6
23 3
7 43
98 41
70 67
84 28
72 46
42 43
99 92
10 35
71 22
28 0
5 75
96 91
70 57
36 36
93 35
16 99
86 50
77 32
74 82
82 65
80 90
15 4
47 39
33 74
70 30
48 51
6 77
51 12
46 29
41 68
5 50
69 66
26 0
93 19
76 41
69 44
50 79
58 84
41 5
62 82
5 10
89 97
74 23
10 71
48 71
2 76
10 57
19 72
72 44
34 97
89 18
45 20
79 44
3 97
94 22
41 30
52 32
2 6
83 96
61 16
6 15
91 32
1 0
0 72
80 56
75 31
39 76
82 7
7 12
41 41
43 49
62 39
81 3
82 18
52 1
62 95
0 81
32 80
36 91
2 47
61 86
42 38
27 48
25 10
37 24
81 39
50 62
38 13
7 18
56 10
41 61
31 47
83 97
29 28
77 39
69 57
28 44
9 55
86 34
25 0
54 9
59 91
5 2
52 44
80 90
33 56
50 96
63 0
62 31
21 77
50 68
51 41
56 76
65 93
2 80
86 18
73 73
39 33
78 60
88 19
80 84
53 14
83 47
31 52
14 6
33 82
93 5
38 4
97 84
41 92
84 88
81 4
3 17
24 18
99 60
98 55
56 94
39 19
88 37
13 37
91 16
57 47
88 82
25 29
77 70
27 4
45 6
5 61
67 81
60 60
62 75
27 27
72 53
20 87
69 31
75 59
96 99
29 0
21 31
49 62
13 27
65 77
39 84
82 2
10 25
49 21
93 5
38 76
39 93
1 19
98 20
13 92
89 61
36 13
87 77
28 9
48 27
20 15
96 89
60 15
59 81
95 95
35 80
96 62
57 62
80 93
19 29
1 94
31 20
71 34
5 72
20 86
88 74
60 47
22 6
12 31
95 21
32 84
27 66
51 92
3 32
45 87
8 28
61 98
42 93
58 40
1 43
61 14
49 27
8 64
63 13
73 51
65 92
58 23
15 19
81 51
13 75
54 76
45 24
24 59
9 4
85 26
82 14
41 53
80 80
18 17
90 6
91 15
42 80
11 49
22 22
77 3
66 22
89 99
18 2
14 90
9 41
64 15
80 62
26 7
24 56
56 44
82 4
11 98
9 79
17 24
60 19
88 47
15 87
51 23
99 44
92 82
17 16
22 93
54 70
75 59
66 62
23 85
1 3
3 41
55 50
56 98
80 55
69 36
23 80
28 57
56 74
45 41
46 45
52 16
46 82
37 66
14 28
15 42
94 40
9 4
4 30
66 13
84 37
88 66
87 79
51 70
26 95
57 77
11 24
74 58
47 19
46 55
71 68
91 28
96 90
61 14
39 69
5 67
11 54
25 64
66 54
78 27
83 15
21 90
25 20
4 4
61 52
8 55
89 7
72 8
77 1
57 20
64 40
2 11
89 97
77 91
13 82
11 90
72 75
16 2
87 15
53 7
52 82
70 94
13 17
86 25
52 98
47 62
65 63
81 54
66 2
74 27
47 31
39 17
21 2
50 6
22 99
11 90
68 4
41 36
55 14
65 71
13 20
87 35
59 54
58 50
50 46
99 79
77 65
26 75
31 28
51 53
85 98
32 81
53 82
0 72
62 38
77 42
80 84
67 12
88 41
52 96
81 60
89 40
74 92
11 85
88 74
80 85
13 70
32 36
35 65
35 54
63 57
53 42
41 89
77 84
52 39
53 21
19 89
22 34
47 20
63 45
18 40
92 55
38 40
5 79
54 45
42 44
57 35
70 19
95 76
60 28
86 78
27 12
44 24
33 88
56 45
39 28
95 88
67 43
91 32
49 98
78 76
98 88
33 16
56 94
80 40
28 16
31 48
18 1
44 1
46 51
84 74
0 63
40 12
41 16
36 98
50 62
79 80
30 63
38 59
11 82
67 17
70 52
98 75
28 44
7 37
2 94
3 5
93 81
54 48
55 87
34 22
90 66
73 13
30 4
53 6
7 47
32 32
45 75
16 9
55 37
45 95
96 59
46 8
72 10
3 79
4 99
21 20
53 78
20 10
7 4
93 87
83 57
88 52
45 70
40 75
28 37
31 12
60 11
65 52
91 22
61 29
12 81
48 47
13 6
13 95
19 35
63 79
4 20
21 50
27 80
27 22
43 34
55 19
10 85
39 38
44 81
47 11
92 61
11 65
60 2
58 33
76 36
14 26
78 12
4 0
73 31
77 92
44 54
18 32
87 51
1 32
15 0
72 88
91 7
60 72
63 98
80 75
42 52
31 69
1 46
13 69
73 96
1 22
22 24
72 20
2 30
34 3
38 37
34 57
73 86
24 26
26 35
51 14
67 15
66 14
24 36
20 3
11 86
43 99
39 20
94 94
95 97
91 95
99 14
60 9
87 83
89 85
73 55
36 17
81 72
82 69
28 40
89 82
5 35
88 1
73 74
26 47
31 58
91 76
15 18
57 28
7 97
83 62
79 8
21 84
99 28
67 48
85 57
96 74
45 36
8 91
49 71
1 74
60 26
87 70
14 65
15 91
75 5
10 65
37 61
75 72
58 63
66 86
7 95
94 84
54 96
58 44
82 85
60 27
32 84
10 84
44 19
57 1
67 31
0 66
7 14
59 0
33 76
91 67
62 55
29 76
37 36
18 42
10 26
61 7
7 78
37 20
40 60
83 19
93 54
96 65
57 36
83 72
24 60
85 62
1 75
22 77
88 4
9 27
35 21
62 38
20 1
75 88
0 93
45 36
95 15
72 14
43 89
49 69
3 83
65 45
61 97
18 3
73 79
79 45
54 50
1 78
58 12
25 14
38 89
86 24
52 54
68 53
24 95
63 35
19 60
38 50
90 35
47 26
88 58
47 30
14 25
76 69
36 44
79 72
98 92
8 56
61 63
81 46
69 64
47 41
38 48
88 58
80 27
39 15
27 69
82 95
25 58
21 71
11 53
16 31
18 9
78 83
0 97
54 24
94 34
71 83
31 6
53 49
22 40
32 98
52 60
75 4
21 42
18 15
77 35
44 51
92 87
0 38
31 28
72 5
95 72
77 93
87 40
26 47
41 83
12 62
38 78
55 49
35 8
21 81
45 13
8 68
5 91
62 48
94 86
15 75
55 70
24 72
36 8
26 12
41 6
89 83
90 27
97 66
95 47
0 10
79 23
24 98
13 94
68 65
59 37
70 39
67 25
31 56
49 70
47 8
62 99
69 34
90 53
18 42
5 65
22 49
84 23
23 77
36 21
98 74
52 29
82 73
7 47
48 88
82 47
69 67
20 0
62 10
4 54
29 87
48 93
22 94
7 3
41 13
98 27
80 46
24 52
82 70
79 2
98 32
72 59
25 37
58 47
38 3
24 38
55 68
9 84
26 98
28 23
72 81
86 92
7 78
99 64
2 68
71 97
69 45
1 34
26 77
21 3
3 46
60 95
32 64
80 20
25 85
16 41
81 75
5 80
65 37
54 85
4 59
18 40
32 82
23 47
65 85
37 32
83 74
90 62
3 60
81 95
71 82
29 23
19 1
47 67
3 36
88 21
57 33
89 83
89 63
22 83
2 55
38 79
41 88
89 2
0 33
76 71
56 5
73 53
35 89
11 61
17 94
81 42
80 1
80 54
7 73
5 17
40 41
31 50
25 75
29 85
36 21
36 2
0 6
68 65
32 89
35 39
15 63
22 24
78 51
59 26
42 35
52 30
39 45
98 27
26 84
39 84
11 61
98 31
2 82
44 17
27 70
69 16
66 16
42 92
42 82
1 57
22 94
91 90
20 52
61 93
94 93
10 11
36 9
46 7
92 49
87 5
55 32
86 88
60 48
5 82
94 84
8 25
3 85
22 9
35 98
69 15
28 97
2 17
87 45
60 20
69 9
80 71
34 7
62 11
58 63
15 14
46 31
54 45
13 24
30 26
47 31
49 0
80 41
32 3
58 41
95 23
29 5
0 65
52 15
40 1
21 50
81 7
67 76
48 13
68 64
86 70
37 3
87 5
6 12
82 81
86 12
36 49
0 58
30 95
38 20
37 50
95 96
86 26
84 7
93 46
40 77
3 36
92 62
57 83
58 19
31 82
62 72
79 77
26 86
50 22
95 90
65 55
2 6
18 87
66 8
31 42
85 65
47 97
85 19
96 71
24 60
56 39
27 63
80 43
28 73
64 6
20 4
48 78
84 51
65 97
45 31
28 83
79 38
96 21
43 20
72 4
76 54
10 59
64 59
83 51
28 41
92 43
29 16
10 25
39 60
20 81
40 20
33 71
10 64
29 47
91 83
40 41
2 62
14 11
46 86
35 73
59 57
55 88
81 60
2 67
17 56
30 70
51 95
1 44
78 42
47 44
96 58
13 16
86 83
28 11
96 65
5 6
77 70
28 54
97 66
10 76
20 87
79 13
96 40
74 81
63 52
21 84
87 27
35 41
60 74
94 71
72 21
41 56
62 86
76 69
24 16
32 52
90 90
64 94
0 62
30 78
82 79
31 50
67 99
54 26
16 22
98 94
18 4
3 97
70 77
14 92
66 75
56 4
73 52
76 41
53 35
82 32
65 50
89 7
1 98
86 68
86 55
99 89
35 59
70 4
78 30
1 92
37 79
64 38
4 66
67 17
63 13
10 29
97 50
24 67
57 8
6 12
34 26
97 75
58 21
11 29
16 69
16 0
86 28
42 4
18 15
94 75
61 10
90 47
7 66
82 49
66 9
24 9
12 38
5 9
72 76
2 0
73 82
88 1
56 82
19 17
57 67
87 86
68 64
85 9
9 98
38 94
84 45
2 99
33 32
50 47
13 3
47 38
6 15
95 59
44 93
43 77
72 99
44 23
63 36
65 3
68 39
77 34
24 84
12 22
99 71
52 28
24 61
94 33
81 61
52 42
73 12
62 92
27 10
97 82
11 86
20 13
17 84
45 40
34 13
8 66
67 35
11 66
46 40
54 71
92 30
48 57
37 69
83 91
21 37
20 46
88 30
98 91
70 65
9 97
13 78
4 4
46 65
84 30
98 70
20 43
81 61
61 16
72 34
12 68
88 51
87 44
16 52
49 13
17 99
81 65
58 53
93 30
30 68
14 95
12 13
88 61
98 11
45 37
7 97
63 93
67 56
37 56
54 3
43 24
0 18
78 27
44 4
15 82
44 13
53 95
97 27
26 21
13 83
3 22
17 36
24 9
14 69
91 9
84 81
29 55
73 65
59 12
0 97
58 47
1 99
90 27
1 29
38 7
68 89
68 52
91 40
81 4
65 45
3 8
70 9
35 30
50 12
72 48
65 21
17 61
67 58
0 66
15 59
39 44
81 6
99 74
61 89
32 54
20 5
91 77
5 14
53 13
73 63
85 22
76 92
30 56
48 83
35 85
20 29
26 39
90 50
16 33
30 19
38 59
91 28
51 80
21 25
10 80
73 71
47 39
4 90
31 89
94 37
67 28
28 27
43 91
42 47
39 17
50 62
47 40
94 18
13 32
49 19
84 23
69 72
57 78
18 91
17 62
59 89
9 38
57 4
9 18
32 47
1 21
90 10
99 23
61 40
75 73
45 78
41 51
35 97
11 4
25 39
91 77
25 30
60 48
14 70
26 55
38 6
77 74
18 3
25 50
68 5
72 13
3 55
37 11
14 66
2 65
30 93
75 5
6 20
24 14
5 24
12 79
91 63
7 12
53 5
7 8
67 42
84 82
40 42
82 46
49 44
41 5
32 87
75 50
89 68
46 27
90 77
68 40
58 46
39 34
12 35
91 57
10 22
28 20
26 51
2 46
26 18
44 19
60 52
44 60
17 74
16 96
94 82
94 0
49 36
98 5
54 95
18 9
82 9
23 64
25 98
90 19
8 60
39 4
2 43
81 75
68 20
20 24
89 48
65 37
95 76
95 29
64 59
87 5
81 24
13 70
24 42
42 3
95 95
27 67
37 49
84 48
5 80
22 13
34 97
55 25
44 51
94 77
53 0
4 3
12 23
95 86
4 45
34 15
35 58
23 78
65 98
87 97
92 18
1 33
61 82
2 51
28 88
40 90
42 26
15 17
7 84
64 11
69 70
34 28
84 66
99 18
51 35
91 44
16 41
52 0
79 79
34 68
7 43
20 16
50 70
57 54
27 89
56 10
17 96
93 33
46 58
60 38
19 54
56 96
87 17
6 64
52 36
41 6
69 25
94 2
86 17
9 54
46 38
67 7
51 48
0 34
45 78
12 56
76 60
6 69
36 43
12 26
95 12
94 82
62 53
39 53
74 50
61 41
93 2
18 77
85 15
91 35
29 47
77 9
27 84
64 44
39 58
20 61
21 21
72 45
50 0
57 89
49 32
15 59
45 81
28 85
79 91
25 96
6 97
39 60
27 52
47 75
56 18
49 79
41 98
84 18
77 25
38 81
27 51
76 89
20 40
65 66
62 73
24 85
24 90
80 86
5 91
87 28
23 32
63 13
80 38
82 53
55 28
30 90
49 55
72 77
32 50
29 42
6 1
66 59
11 96
82 39
0 24
60 9
68 40
87 7
69 55
1 58
40 18
91 16
51 95
39 17
75 0
29 90
22 75
64 33
79 15
29 34
5 49
1 92
39 88
72 36
1 3
71 93
44 74
43 14
40 64
20 80
43 77
28 57
46 14
30 19
28 86
31 8
19 64
68 28
48 43
10 81
87 35
38 39
51 37
57 25
88 51
64 98
6 69
86 1
91 36
15 21
62 9
30 9
67 75
43 93
67 14
90 5
72 3
99 94
34 2
66 52
84 18
71 8
94 13
44 39
85 76
68 99
66 13
93 0
28 36
87 84
16 67
10 77
19 11
61 28
3 69
20 76
32 62
21 80
78 36
9 90
95 81
46 9
82 13
48 50
79 48
83 47
79 13
28 73
41 55
34 68
15 63
49 53
99 99
26 24
33 94
73 4
70 5
34 56
7 18
64 83
32 27
17 8
64 33
12 53
46 63
32 10
59 95
21 43
14 13
17 70
61 92
25 30
21 50
3 46
34 99
68 18
62 65
19 22
64 22
84 24
89 27
68 78
9 14
10 1
60 12
71 80
85 50
15 95
85 41
91 93
57 28
52 76
61 34
78 33
81 17
30 38
2 31
18 41
58 87
18 68
66 68
96 85
65 7
5 53
97 70
40 60
37 50
24 57
94 25
18 13
20 53
73 61
38 74
93 65
51 19
0 31
11 69
80 50
68 35
99 97
82 93
52 23
83 64
5 52
73 84
62 98
49 54
78 19
29 38
27 64
62 52
36 47
48 70
42 61
84 14
51 2
23 86
99 26
13 94
50 66
25 13
84 53
57 45
71 93
70 93
34 1
25 9
15 76
56 1
31 55
88 69
83 69
69 53
63 18
57 69
27 83
59 42
66 88
54 89
46 82
6 60
3 80
94 63
16 73
72 56
3 65
60 4
50 2
72 6
10 74
45 73
25 34
86 61
33 13
6 23
23 43
0 20
58 93
71 0
95 0
88 64
82 38
12 50
73 40
27 24
61 45
67 93
67 56
15 12
4 75
55 98
36 72
69 35
90 96
2 64
77 90
15 29
84 94
56 91
86 76
98 9
96 13
77 49
97 29
57 1
21 90
46 74
7 60
68 18
32 6
1 82
96 82
97 44
56 61
36 47
79 66
10 55
95 37
21 93
15 8
73 65
70 22
68 16
19 80
70 45
88 18
34 86
99 10
15 95
71 19
40 79
72 89
23 68
9 37
58 38
10 18
14 64
56 87
55 44
29 4
38 4
54 43
79 5
31 15
93 71
9 97
96 11
67 46
92 98
96 14
51 96
21 50
41 70
75 10
61 92
87 3
81 2
50 71
63 66
6 0
54 67
70 81
88 54
46 53
5 26
54 78
6 58
0 34
29 42
55 66
41 22
99 78
70 49
39 97
53 46
50 18
75 53
77 61
52 32
92 17
99 16
76 63
82 20
56 87
19 38
79 11
6 30
41 21
66 67
15 26
39 48
22 65
87 76
52 36
88 74
61 79
6 52
33 60
34 23
96 52
82 21
64 57
74 71
55 47
36 94
68 48
68 28
63 16
26 71
69 22
24 27
18 27
25 66
30 97
8 62
12 75
7 90
18 36
60 77
15 81
61 96
22 33
8 31
31 12
90 36
52 68
76 83
18 16
89 38
24 94
39 21
92 49
86 19
5 92
3 89
68 91
77 14
7 43
27 0
5 17
72 81
95 60
5 23
81 67
89 84
57 7
51 45
89 97
54 18
44 90
89 34
42 40
75 49
33 28
60 79
17 18
75 51
12 47
49 82
80 80
50 71
89 61
44 97
22 53
19 40
64 32
1 60
34 37
31 59
77 27
69 37
20 20
41 87
29 2
21 21
86 18
71 81
26 94
46 86
19 54
79 77
86 44
19 76
3 86
43 41
7 53
93 54
33 7
58 47
40 92
45 19
23 58
53 24
62 72
21 79
57 15
95 89
15 25
6 93
61 58
28 3
3 36
12 0
4 22
47 68
65 57
14 97
39 52
56 70
86 50
29 12
27 70
1 80
14 11
88 76
13 50
4 40
48 65
34 54
17 94
99 42
26 33
74 78
83 23
31 89
54 88
58 2
9 48
53 98
33 14
56 92
81 69
87 54
99 61
3 1
17 42
27 24
5 77
35 94
26 16
38 82
9 2
4 53
79 60
94 51
22 99
26 62
96 49
84 56
20 99
67 63
7 88
43 20
39 3
63 42
76 62
42 45
1 41
3 15
98 71
97 23
95 16
38 29
67 47
80 77
51 55
34 36
51 18
2 37
92 13
44 9
65 38
38 58
60 39
95 86
65 45
29 9
76 7
76 13
7 78
30 27
4 49
41 22
14 72
84 70
60 82
76 23
74 8
52 21
99 30
12 14
32 13
83 83
63 7
0 35
13 60
71 80
26 85
30 92
19 39
34 73
62 49
85 49
54 60
33 2
74 65
54 50
35 60
58 91
58 48
98 34
21 74
90 65
90 44
66 95
6 15
88 32
99 57
29 35
1 45
63 85
88 80
5 86
99 46
15 46
62 26
42 46
81 11
84 58
20 12
17 41
39 72
13 36
63 95
10 39
64 52
54 89
51 99
70 67
95 42
82 4
47 85
72 36
23 41
61 59
20 71
51 22
71 85
30 61
14 96
30 52
30 72
69 32
45 11
3 16
75 2
65 38
93 78
32 24
6 85
32 64
57 8
5 73
57 31
98 43
36 85
71 11
99 18
85 52
59 26
61 34
68 99
7 86
91 20
75 80
38 30
93 37
93 63
73 62
25 89
37 6
44 81
84 10
52 26
65 46
92 2
52 44
89 88
94 96
26 26
31 19
68 22
5 22
58 72
24 22
4 12
61 42
95 48
28 41
71 56
86 59
50 98
9 18
70 91
42 18
10 2
1 38
47 42
68 7
36 56
83 60
93 0
0 91
57 6
33 34
2 27
19 25
79 58
38 65
4 76
88 63
51 12
37 23
67 97
25 19
53 13
76 60
92 45
70 21
90 31
66 48
81 64
69 25
92 58
73 64
97 20
84 71
37 46
72 54
20 80
24 32
91 97
13 23
89 82
0 15
61 79
7 72
10 70
11 51
17 42
88 0
7 91
17 57
83 65
32 9
75 7
58 0
36 51
64 68
45 56
49 47
11 43
72 68
67 42
46 18
57 86
57 28
70 77
24 47
2 10
86 35
31 85
63 4
50 27
98 64
83 42
86 71
72 65
89 96
91 96
89 96
17 7
46 16
20 89
40 51
46 16
47 1
40 27
42 81
57 17
44 94
75 89
90 4
36 11
25 82
67 67
33 88
30 92
33 57
51 60
74 86
7 51
89 89
55 61
44 93
23 13
9 3
1 73
82 15
99 92
22 1
69 64
14 25
61 21
16 94
62 46
37 60
0 19
38 47
51 75
28 69
38 80
44 89
38 49
38 6
44 88
63 2
83 63
67 9
69 74
49 40
62 58
42 89
10 68
12 86
56 28
75 45
3 9
55 75
13 86
93 6
40 24
72 39
57 91
52 70
25 11
62 46
85 77
44 45
2 86
81 54
74 48
84 0
50 27
96 10
71 44
67 7
91 94
85 28
81 65
83 26
96 48
21 68
77 78
76 56
1 30
55 75
66 25
20 48
95 8
81 17
66 31
22 5
97 52
94 4
37 5
1 55
3 62
65 75
58 51
53 30
6 46
64 43
51 5
2 44
49 63
21 69
92 50
63 87
13 88
88 15
24 6
16 70
22 80
66 62
18 62
32 27
51 0
62 15
89 44
75 23
69 37
12 48
88 89
12 35
85 76
29 17
78 1
92 51
68 45
47 66
27 27
33 74
49 55
7 13
41 76
87 51
31 8
29 9
7 38
53 47
7 95
10 48
84 58
96 38
19 83
14 58
64 87
78 97
52 39
30 24
69 11
49 50
15 22
54 85
0 91
45 9
27 90
87 1
97 80
1 27
77 86
22 62
90 6
90 22
80 13
38 13
7 25
89 85
40 29
98 39
27 4
21 63
71 51
32 90
25 40
78 25
75 36
27 99
27 8
39 35
65 51
37 31
7 75
56 85
4 63
77 40
0 19
48 71
49 72
74 46
29 70
24 18
96 66
81 92
61 76
74 50
66 59
86 30
40 37
6 60
53 71
35 27
4 30
19 99
7 91
51 26
72 85
10 84
74 49
84 10
44 35
86 60
60 16
5 95
49 87
34 71
84 86
96 60
93 97
13 32
34 50
56 93
82 98
13 69
31 24
56 16
78 96
63 81
43 74
22 98
97 0
0 82
60 98
84 8
26 33
43 2
37 40
50 44
71 80
84 31
96 55
5 63
13 44
38 9
2 1
40 93
49 1
54 68
67 20
15 14
4 34
45 1
3 21
47 33
28 33
28 67
33 22
7 77
48 27
95 64
59 89
29 42
19 14
29 15
23 53
61 7
77 0
82 29
31 18
44 43
96 7
89 30
18 53
94 61
15 40
45 22
76 78
64 57
62 26
63 2
89 92
34 42
32 78
90 45
30 89
10 71
31 74
90 10
2 28
98 16
19 24
21 70
94 9
37 81
46 58
28 52
81 81
86 71
53 17
66 19
44 44
47 96
61 43
27 72
18 28
63 45
87 83
10 78
73 13
40 38
40 21
28 55
26 20
85 19
29 81
14 85
65 58
9 95
63 42
69 11
14 8
1 65
59 48
65 84
16 2
97 37
43 16
69 1
34 57
55 17
55 73
85 49
24 83
14 38
24 91
4 37
30 64
8 54
56 81
81 30
53 40
24 69
3 47
90 47
35 89
48 94
99 34
63 41
70 91
0 4
56 17
59 53
9 28
56 71
0 87
11 30
98 55
41 63
1 26
69 37
74 90
73 89
21 75
65 22
71 22
97 42
68 57
55 55
9 88
66 93
81 33
67 41
15 47
16 50
51 52
38 7
91 66
60 10
38 58
59 97
3 89
99 23
99 62
83 18
32 72
4 71
43 41
20 47
82 29
98 30
91 74
74 5
49 24
22 74
97 60
16 60
21 30
21 40
65 93
16 71
55 69
95 26
80 11
6 56
78 11
89 40
73 91
48 19
93 0
19 24
54 64
85 72
51 67
38 44
55 50
1 95
45 29
15 97
70 17
58 72
30 83
62 27
87 16
49 49
11 54
16 97
98 0
29 56
31 71
92 19
3 9
31 4
68 70
77 72
92 25
88 63
59 68
61 72
67 41
69 23
43 67
15 64
43 65
5 66
70 62
78 10
95 45
41 11
62 27
91 4
87 87
83 5
57 26
43 30
40 62
71 48
5 25
78 10
51 34
44 97
39 36
68 28
67 38
92 32
36 32
67 68
66 13
59 33
55 14
54 9
87 2
91 82
76 30
95 1
82 8
83 48
0 25
82 50
29 6
27 55
18 89
83 29
1 61
41 65
58 98
59 14
30 5
55 11
45 61
39 44
31 43
86 41
67 78
31 31
35 75
71 12
19 59
13 42
60 51
29 19
43 52
39 88
39 17
60 16
44 30
35 52
25 71
72 30
37 66
93 71
20 6
87 71
21 56
59 75
84 16
94 73
27 46
52 60
18 88
24 93
33 85
89 92
23 15
41 69
66 24
43 55
93 62
36 7
58 58
91 49
3 12
33 57
13 78
59 57
45 67
11 47
91 62
75 21
70 68
50 84
14 66
45 18
44 52
6 22
75 60
99 51
44 7
77 88
40 95
17 39
14 13
4 60
56 82
88 37
48 89
78 80
36 32
87 13
51 52
64 26
91 58
93 74
24 48
19 94
19 94
24 83
16 59
24 85
58 84
63 63
40 11
98 29
45 92
17 55
66 73
6 13
36 72
35 81
45 4
46 67
63 33
42 36
68 25
26 85
18 31
42 0
38 54
54 67
49 71
39 73
31 28
21 69
84 87
39 88
74 75
91 23
24 65
85 31
92 94
67 70
75 29
72 27
15 1
61 86
40 98
1 89
88 77
85 59
12 1
28 64
7 32
33 74
5 19
7 15
98 47
35 35
31 65
8 89
86 1
44 93
97 72
47 58
16 35
5 99
16 44
94 24
41 28
69 23
80 66
15 76
46 36
85 83
48 80
56 21
39 10
34 42
77 93
53 25
3 59
10 49
47 71
76 17
10 42
47 12
51 86
96 71
66 40
21 44
67 56
79 87
3 63
88 44
84 17
32 44
58 77
3 13
95 14
92 66
0 79
54 80
3 11
60 67
84 48
64 96
24 15
61 36
84 97
9 14
78 88
78 23
0 24
29 39
98 41
17 51
11 67
14 6
95 26
30 69
79 72
61 76
66 3
61 19
40 40
90 73
7 62
24 33
97 13
63 83
61 68
43 45
46 62
60 43
61 25
29 24
91 91
45 28
10 98
33 0
27 67
90 46
14 84
42 74
58 40
50 28
91 0
70 47
21 79
4 71
87 66
99 13
85 34
72 17
17 15
52 56
75 3
34 75
56 17
1 19
54 96
13 8
30 43
82 6
20 59
69 71
94 47
51 59
0 32
73 9
48 11
78 7
