300
96 25
85 67
47 66
9 44
85 44
101 67
100 23
96 67
45 29
25 69
64 77
74 69
90 45
85 28
37 20
40 71
29 75
78 77
58 28
2 45
85 79
71 90
97 8
7 87
89 31
49 73
46 27
26 14
70 2
99 71
9 96
96 6
27 14
88 35
28 59
65 21
63 40
74 8
1 73
68 20
12 74
29 41
90 101
1 60
69 40
51 13
45 34
53 52
51 93
83 12
84 73
76 24
2 86
53 51
98 99
99 49
35 14
32 22
44 29
14 79
78 28
3 42
1 37
20 5
57 29
9 92
55 88
15 19
27 92
101 12
93 12
64 81
35 18
41 33
70 2
83 92
1 84
4 52
14 84
69 50
62 50
22 96
21 56
15 12
30 94
51 69
11 17
42 51
8 88
20 67
67 21
34 90
41 17
38 89
29 25
37 68
40 13
5 36
65 16
97 61
88 5
13 29
90 77
9 78
60 18
59 84
2 100
99 33
22 73
5 55
89 86
10 32
50 26
1 14
56 66
66 59
7 100
67 6
26 87
92 15
97 60
27 69
61 45
18 52
37 89
24 93
76 67
88 22
20 12
20 64
79 14
18 17
96 20
86 95
5 54
96 99
1 99
77 42
62 78
82 27
8 20
52 67
19 24
53 87
72 99
68 83
86 66
79 3
46 4
70 30
86 62
33 16
4 43
49 60
97 37
33 68
39 91
42 21
51 61
75 94
30 3
25 49
98 77
58 57
68 96
3 95
45 84
101 74
55 35
71 15
2 56
6 6
2 26
45 1
14 50
35 65
33 98
26 50
97 75
85 89
92 99
50 69
4 14
47 91
11 31
89 87
20 89
6 51
30 101
45 56
14 71
57 70
14 97
2 27
62 63
75 89
37 65
6 26
68 43
31 81
20 68
79 83
23 11
50 95
1 14
12 65
65 18
94 56
61 71
38 78
69 40
54 27
17 79
66 10
75 16
33 6
14 8
50 50
64 69
10 85
98 91
55 13
88 50
19 47
89 48
58 63
31 74
81 89
50 81
4 54
73 49
59 78
100 99
2 59
22 99
29 73
29 15
88 72
6 43
82 46
99 63
15 74
70 34
16 1
8 53
77 14
98 43
59 59
31 75
55 34
45 68
1 61
21 45
95 96
25 94
83 74
74 39
96 44
95 37
7 30
63 12
100 50
9 100
12 57
10 15
100 21
77 87
53 33
8 62
50 90
37 48
59 72
99 86
4 12
75 81
6 77
4 35
45 48
71 37
27 83
65 4
82 66
24 2
27 17
92 73
1 19
43 20
63 44
73 15
46 38
30 31
67 95
37 10
94 29
79 98
29 25
93 13
10 31
45 31
35 91
